6
7
8
22
23
26
28
35
50
55
56
57
59
62
70
107
108
114
129
139
143
151
154
163
166
173
188
189
191
197
201
211
220
223
224
226
231
239
240
255
267
271
275
286
287
288
291
296
297
308
317
337
341
350
354
358
360
378
394
399
412
418
419
421
426
442
444
450
454
459
460
469
472
475
491
493
494
495
498
517
537
548
556
563
566
570
572
575
581
583
600
604
615
617
629
650
653
655
656
657
662
678
685
694
701
707
711
714
731
737
740
749
754
765
770
775
776
781
785
792
808
815
817
818
824
833
848
854
858
860
862
871
884
890
904
905
908
910
921
924
931
938
946
947
961
968
971
976
981
999
1008
1014
1016
1036
1041
1054
1056
1058
1062
1067
1068
1069
1080
1083
1097
1101
1102
1117
1118
1127
1142
1145
1163
1164
1167
1175
1176
1177
1181
1186
1209
1213
1220
1225
1232
1236
1237
1253
1260
1264
1289
1294
1295
1299
1305
1306
1316
1323
1327
1334
1340
1346
1349
1357
1371
1372
1387
1388
1389
1396
1397
1399
1424
1425
1426
1436
1437
1442
1447
1461
1464
1465
1472
1473
1484
1508
1513
1525
1526
1532
1534
1538
1552
1557
1560
1561
1571
1575
1581
1592
1609
1610
1612
1616
1622
1624
1632
1643
1645
1646
1660
1668
1683
1700
1705
1710
1711
1715
1716
1734
1735
1737
1762
1763
1764
1769
1783
1784
1790
1795
1797
1801
1811
1814
1817
1818
1825
1829
1838
1839
1858
1864
1875
1879
1889
1892
1918
1921
1922
1932
1933
1935
1937
1942
1950
1965
1974
1983
1992
1995
1997
2000
2011
2012
2020
2036
2039
2045
2051
2052
2057
2064
2070
2072
2094
2096
2099
2101
2105
2113
2120
2121
2135
2139
2145
2166
2175
2188
2189
2190
